   1.0000000e-05   1.0070370e+02
   2.0000000e-05   1.0075003e+02
   3.0000000e-05   1.0070219e+02
   4.0000000e-05   1.0063876e+02
   5.0000000e-05   1.0067198e+02
   6.0000000e-05   1.0078580e+02
   7.0000000e-05   1.0082361e+02
   8.0000000e-05   1.0068557e+02
   9.0000000e-05   1.0042061e+02
   1.0000000e-04   1.0014484e+02
   1.1000000e-04   9.9881802e+01
   1.2000000e-04   9.9658816e+01
   1.3000000e-04   9.9571653e+01
   1.4000000e-04   9.9834869e+01
   1.5000000e-04   1.0051606e+02
   1.6000000e-04   1.0155876e+02
   1.7000000e-04   1.0277350e+02
   1.8000000e-04   1.0416878e+02
   1.9000000e-04   1.0571085e+02
   2.0000000e-04   1.0739703e+02
   2.1000000e-04   1.0902776e+02
   2.2000000e-04   1.1080451e+02
   2.3000000e-04   1.1311755e+02
   2.4000000e-04   1.1671587e+02
   2.5000000e-04   1.2201970e+02
   2.6000000e-04   1.2967451e+02
   2.7000000e-04   1.4045013e+02
   2.8000000e-04   1.5596592e+02
   2.9000000e-04   1.7799270e+02
   3.0000000e-04   2.0888994e+02
   3.1000000e-04   2.5147473e+02
   3.2000000e-04   3.1113986e+02
   3.3000000e-04   3.9717322e+02
   3.4000000e-04   5.2540927e+02
   3.5000000e-04   7.1966981e+02
   3.6000000e-04   1.0161919e+03
   3.7000000e-04   1.4698528e+03
   3.8000000e-04   2.1607432e+03
   3.9000000e-04   3.1953232e+03
   4.0000000e-04   4.6868852e+03
   4.1000000e-04   6.7295867e+03
   4.2000000e-04   9.3397757e+03
   4.3000000e-04   1.2438633e+04
   4.4000000e-04   1.5789927e+04
   4.5000000e-04   1.9076691e+04
   4.6000000e-04   2.1875061e+04
   4.7000000e-04   2.3843037e+04
   4.8000000e-04   2.4662583e+04
   4.9000000e-04   2.4271486e+04
   5.0000000e-04   2.2743451e+04
   5.1000000e-04   2.0426585e+04
   5.2000000e-04   1.7656116e+04
   5.3000000e-04   1.4793046e+04
   5.4000000e-04   1.2054490e+04
   5.5000000e-04   9.6208944e+03
   5.6000000e-04   7.5555866e+03
   5.7000000e-04   5.8801615e+03
   5.8000000e-04   4.5527194e+03
   5.9000000e-04   3.5248530e+03
   6.0000000e-04   2.7360608e+03
   6.1000000e-04   2.1358875e+03
   6.2000000e-04   1.6793255e+03
   6.3000000e-04   1.3320875e+03
   6.4000000e-04   1.0672468e+03
   6.5000000e-04   8.6452698e+02
   6.6000000e-04   7.0884899e+02
   6.7000000e-04   5.8839737e+02
   6.8000000e-04   4.9454963e+02
   6.9000000e-04   4.2049707e+02
   7.0000000e-04   3.6188899e+02
   7.1000000e-04   3.1522999e+02
   7.2000000e-04   2.7812830e+02
   7.3000000e-04   2.4810139e+02
   7.4000000e-04   2.2344996e+02
   7.5000000e-04   2.0273760e+02
   7.6000000e-04   1.8535956e+02
   7.7000000e-04   1.7075974e+02
   7.8000000e-04   1.5869157e+02
   7.9000000e-04   1.4865787e+02
   8.0000000e-04   1.4027959e+02
   8.1000000e-04   1.3307495e+02
   8.2000000e-04   1.2688136e+02
   8.3000000e-04   1.2155447e+02
   8.4000000e-04   1.1705250e+02
   8.5000000e-04   1.1316903e+02
   8.6000000e-04   1.0981504e+02
   8.7000000e-04   1.0689933e+02
   8.8000000e-04   1.0440708e+02
   8.9000000e-04   1.0219498e+02
   9.0000000e-04   1.0017338e+02
   9.1000000e-04   9.8310173e+01
   9.2000000e-04   9.6726510e+01
   9.3000000e-04   9.5476726e+01
   9.4000000e-04   9.4510176e+01
   9.5000000e-04   9.3665274e+01
   9.6000000e-04   9.2884103e+01
   9.7000000e-04   9.2180860e+01
   9.8000000e-04   9.1564396e+01
   9.9000000e-04   9.0950692e+01
   1.0000000e-03   9.0333873e+01
   1.0100000e-03   8.9818190e+01
   1.0200000e-03   8.9498558e+01
   1.0300000e-03   8.9294287e+01
   1.0400000e-03   8.9081574e+01
   1.0500000e-03   8.8837825e+01
   1.0600000e-03   8.8642596e+01
   1.0700000e-03   8.8536289e+01
   1.0800000e-03   8.8519911e+01
   1.0900000e-03   8.8583226e+01
   1.1000000e-03   8.8698015e+01
   1.1100000e-03   8.8779655e+01
   1.1200000e-03   8.8772109e+01
   1.1300000e-03   8.8714426e+01
   1.1400000e-03   8.8714426e+01
   1.1500000e-03   8.8835159e+01
   1.1600000e-03   8.9053963e+01
   1.1700000e-03   8.9306343e+01
   1.1800000e-03   8.9563916e+01
   1.1900000e-03   8.9823579e+01
   1.2000000e-03   9.0056974e+01
   1.2100000e-03   9.0230952e+01
   1.2200000e-03   9.0407526e+01
   1.2300000e-03   9.0715888e+01
   1.2400000e-03   9.1176529e+01
   1.2500000e-03   9.1634470e+01
   1.2600000e-03   9.1951155e+01
   1.2700000e-03   9.2165190e+01
   1.2800000e-03   9.2401897e+01
   1.2900000e-03   9.2701301e+01
   1.3000000e-03   9.3033767e+01
   1.3100000e-03   9.3405246e+01
   1.3200000e-03   9.3854669e+01
   1.3300000e-03   9.4356722e+01
   1.3400000e-03   9.4812145e+01
   1.3500000e-03   9.5162648e+01
   1.3600000e-03   9.5481023e+01
   1.3700000e-03   9.5870902e+01
   1.3800000e-03   9.6305219e+01
   1.3900000e-03   9.6678159e+01
   1.4000000e-03   9.7032649e+01
   1.4100000e-03   9.7547800e+01
   1.4200000e-03   9.8227136e+01
   1.4300000e-03   9.8819259e+01
   1.4400000e-03   9.9179616e+01
   1.4500000e-03   9.9510435e+01
   1.4600000e-03   1.0001523e+02
   1.4700000e-03   1.0054974e+02
   1.4800000e-03   1.0082361e+02
   1.4900000e-03   1.0082361e+02
   1.5000000e-03   1.0076817e+02
   1.5100000e-03   1.0077925e+02
   1.5200000e-03   1.0080344e+02
   1.5300000e-03   1.0079588e+02
   1.5400000e-03   1.0078429e+02
   1.5500000e-03   1.0078933e+02
   1.5600000e-03   1.0079336e+02
   1.5700000e-03   1.0079034e+02
   1.5800000e-03   1.0078832e+02
   1.5900000e-03   1.0079034e+02
   1.6000000e-03   1.0079034e+02
   1.6100000e-03   1.0079034e+02
   1.6200000e-03   1.0079084e+02
   1.6300000e-03   1.0079034e+02
   1.6400000e-03   1.0078984e+02
   1.6500000e-03   1.0079034e+02
   1.6600000e-03   1.0079084e+02
   1.6700000e-03   1.0079034e+02
   1.6800000e-03   1.0079034e+02
   1.6900000e-03   1.0079034e+02
   1.7000000e-03   1.0079034e+02
   1.7100000e-03   1.0079034e+02
   1.7200000e-03   1.0079034e+02
   1.7300000e-03   1.0079034e+02
   1.7400000e-03   1.0079034e+02
   1.7500000e-03   1.0079034e+02
   1.7600000e-03   1.0079034e+02
   1.7700000e-03   1.0079034e+02
   1.7800000e-03   1.0079034e+02
   1.7900000e-03   1.0079034e+02
   1.8000000e-03   1.0079034e+02
   1.8100000e-03   1.0079034e+02
   1.8200000e-03   1.0079034e+02
   1.8300000e-03   1.0079034e+02
   1.8400000e-03   1.0079034e+02
   1.8500000e-03   1.0079034e+02
   1.8600000e-03   1.0079034e+02
   1.8700000e-03   1.0079034e+02
   1.8800000e-03   1.0079034e+02
   1.8900000e-03   1.0079034e+02
   1.9000000e-03   1.0079034e+02
   1.9100000e-03   1.0079034e+02
   1.9200000e-03   1.0079034e+02
   1.9300000e-03   1.0079034e+02
   1.9400000e-03   1.0079034e+02
   1.9500000e-03   1.0079034e+02
   1.9600000e-03   1.0079034e+02
   1.9700000e-03   1.0079034e+02
   1.9800000e-03   1.0079034e+02
   1.9900000e-03   1.0079034e+02
   2.0000000e-03   1.0079034e+02
   2.0100000e-03   1.0079034e+02
   2.0200000e-03   1.0079034e+02
   2.0300000e-03   1.0079034e+02
   2.0400000e-03   1.0079034e+02
   2.0500000e-03   1.0079034e+02
   2.0600000e-03   1.0079034e+02
   2.0700000e-03   1.0079034e+02
   2.0800000e-03   1.0079034e+02
   2.0900000e-03   1.0079034e+02
   2.1000000e-03   1.0079034e+02
   2.1100000e-03   1.0079034e+02
   2.1200000e-03   1.0079034e+02
   2.1300000e-03   1.0079034e+02
   2.1400000e-03   1.0079034e+02
   2.1500000e-03   1.0079034e+02
   2.1600000e-03   1.0079034e+02
   2.1700000e-03   1.0079034e+02
   2.1800000e-03   1.0079034e+02
   2.1900000e-03   1.0079034e+02
   2.2000000e-03   1.0079034e+02
   2.2100000e-03   1.0079034e+02
   2.2200000e-03   1.0079034e+02
   2.2300000e-03   1.0079034e+02
   2.2400000e-03   1.0079034e+02
   2.2500000e-03   1.0079034e+02
   2.2600000e-03   1.0079034e+02
   2.2700000e-03   1.0079034e+02
   2.2800000e-03   1.0079034e+02
   2.2900000e-03   1.0079034e+02
   2.3000000e-03   1.0079034e+02
   2.3100000e-03   1.0079034e+02
   2.3200000e-03   1.0079034e+02
   2.3300000e-03   1.0079034e+02
   2.3400000e-03   1.0079034e+02
   2.3500000e-03   1.0079034e+02
   2.3600000e-03   1.0079034e+02
   2.3700000e-03   1.0079034e+02
   2.3800000e-03   1.0079034e+02
   2.3900000e-03   1.0079034e+02
   2.4000000e-03   1.0079034e+02
   2.4100000e-03   1.0079034e+02
   2.4200000e-03   1.0079034e+02
   2.4300000e-03   1.0079034e+02
   2.4400000e-03   1.0079034e+02
   2.4500000e-03   1.0079034e+02
   2.4600000e-03   1.0079034e+02
   2.4700000e-03   1.0079034e+02
   2.4800000e-03   1.0079034e+02
   2.4900000e-03   1.0079034e+02
   2.5000000e-03   1.0079034e+02
   2.5100000e-03   1.0079034e+02
   2.5200000e-03   1.0079034e+02
   2.5300000e-03   1.0079034e+02
   2.5400000e-03   1.0079034e+02
   2.5500000e-03   1.0079034e+02
   2.5600000e-03   1.0079034e+02
   2.5700000e-03   1.0079034e+02
   2.5800000e-03   1.0079034e+02
   2.5900000e-03   1.0079034e+02
   2.6000000e-03   1.0079034e+02
   2.6100000e-03   1.0079034e+02
   2.6200000e-03   1.0079034e+02
   2.6300000e-03   1.0079034e+02
   2.6400000e-03   1.0079034e+02
   2.6500000e-03   1.0079034e+02
   2.6600000e-03   1.0079034e+02
   2.6700000e-03   1.0079034e+02
   2.6800000e-03   1.0079034e+02
   2.6900000e-03   1.0079034e+02
   2.7000000e-03   1.0079034e+02
   2.7100000e-03   1.0079034e+02
   2.7200000e-03   1.0079034e+02
   2.7300000e-03   1.0079034e+02
   2.7400000e-03   1.0079034e+02
   2.7500000e-03   1.0079034e+02
   2.7600000e-03   1.0079034e+02
   2.7700000e-03   1.0079034e+02
   2.7800000e-03   1.0079034e+02
   2.7900000e-03   1.0079034e+02
   2.8000000e-03   1.0079034e+02
   2.8100000e-03   1.0079034e+02
   2.8200000e-03   1.0079034e+02
   2.8300000e-03   1.0079034e+02
   2.8400000e-03   1.0079034e+02
   2.8500000e-03   1.0079034e+02
   2.8600000e-03   1.0079034e+02
   2.8700000e-03   1.0079034e+02
   2.8800000e-03   1.0079034e+02
   2.8900000e-03   1.0079034e+02
   2.9000000e-03   1.0079034e+02
   2.9100000e-03   1.0079034e+02
   2.9200000e-03   1.0079034e+02
   2.9300000e-03   1.0079034e+02
   2.9400000e-03   1.0079034e+02
   2.9500000e-03   1.0079034e+02
   2.9600000e-03   1.0079034e+02
   2.9700000e-03   1.0079034e+02
   2.9800000e-03   1.0079034e+02
   2.9900000e-03   1.0079034e+02
   3.0000000e-03   1.0079034e+02
   3.0100000e-03   1.0079034e+02
   3.0200000e-03   1.0079034e+02
   3.0300000e-03   1.0079034e+02
   3.0400000e-03   1.0079034e+02
   3.0500000e-03   1.0079034e+02
   3.0600000e-03   1.0079034e+02
   3.0700000e-03   1.0079034e+02
   3.0800000e-03   1.0079034e+02
   3.0900000e-03   1.0079034e+02
   3.1000000e-03   1.0079034e+02
   3.1100000e-03   1.0079034e+02
   3.1200000e-03   1.0079034e+02
   3.1300000e-03   1.0079034e+02
   3.1400000e-03   1.0079034e+02
   3.1500000e-03   1.0079034e+02
   3.1600000e-03   1.0079034e+02
   3.1700000e-03   1.0079034e+02
   3.1800000e-03   1.0079034e+02
   3.1900000e-03   1.0079034e+02
   3.2000000e-03   1.0079034e+02
   3.2100000e-03   1.0079034e+02
   3.2200000e-03   1.0079034e+02
   3.2300000e-03   1.0079034e+02
   3.2400000e-03   1.0079034e+02
   3.2500000e-03   1.0079034e+02
   3.2600000e-03   1.0079034e+02
   3.2700000e-03   1.0079034e+02
   3.2800000e-03   1.0079034e+02
   3.2900000e-03   1.0079034e+02
   3.3000000e-03   1.0079034e+02
   3.3100000e-03   1.0079034e+02
   3.3200000e-03   1.0079034e+02
   3.3300000e-03   1.0079034e+02
   3.3400000e-03   1.0079034e+02
   3.3500000e-03   1.0079034e+02
   3.3600000e-03   1.0079034e+02
   3.3700000e-03   1.0079034e+02
   3.3800000e-03   1.0079034e+02
   3.3900000e-03   1.0079034e+02
   3.4000000e-03   1.0079034e+02
   3.4100000e-03   1.0079034e+02
   3.4200000e-03   1.0079034e+02
   3.4300000e-03   1.0079034e+02
   3.4400000e-03   1.0079034e+02
   3.4500000e-03   1.0079034e+02
   3.4600000e-03   1.0079034e+02
   3.4700000e-03   1.0079034e+02
   3.4800000e-03   1.0079034e+02
   3.4900000e-03   1.0079034e+02
   3.5000000e-03   1.0079034e+02
   3.5100000e-03   1.0079034e+02
   3.5200000e-03   1.0079034e+02
   3.5300000e-03   1.0079034e+02
   3.5400000e-03   1.0079034e+02
   3.5500000e-03   1.0079034e+02
   3.5600000e-03   1.0079034e+02
   3.5700000e-03   1.0079034e+02
   3.5800000e-03   1.0079034e+02
   3.5900000e-03   1.0079034e+02
   3.6000000e-03   1.0079034e+02
   3.6100000e-03   1.0079034e+02
   3.6200000e-03   1.0079034e+02
   3.6300000e-03   1.0079034e+02
   3.6400000e-03   1.0079034e+02
   3.6500000e-03   1.0079034e+02
   3.6600000e-03   1.0079034e+02
   3.6700000e-03   1.0079034e+02
   3.6800000e-03   1.0079034e+02
   3.6900000e-03   1.0079034e+02
   3.7000000e-03   1.0079034e+02
   3.7100000e-03   1.0079034e+02
   3.7200000e-03   1.0079034e+02
   3.7300000e-03   1.0079034e+02
   3.7400000e-03   1.0079034e+02
   3.7500000e-03   1.0079034e+02
   3.7600000e-03   1.0079034e+02
   3.7700000e-03   1.0079034e+02
   3.7800000e-03   1.0079034e+02
   3.7900000e-03   1.0079034e+02
   3.8000000e-03   1.0079034e+02
   3.8100000e-03   1.0079034e+02
   3.8200000e-03   1.0079034e+02
   3.8300000e-03   1.0079034e+02
   3.8400000e-03   1.0079034e+02
   3.8500000e-03   1.0079034e+02
   3.8600000e-03   1.0079034e+02
   3.8700000e-03   1.0079034e+02
   3.8800000e-03   1.0079034e+02
   3.8900000e-03   1.0079034e+02
   3.9000000e-03   1.0079034e+02
   3.9100000e-03   1.0079034e+02
   3.9200000e-03   1.0079034e+02
   3.9300000e-03   1.0079034e+02
   3.9400000e-03   1.0079034e+02
   3.9500000e-03   1.0079034e+02
   3.9600000e-03   1.0079034e+02
   3.9700000e-03   1.0079034e+02
   3.9800000e-03   1.0079034e+02
   3.9900000e-03   1.0079034e+02
   4.0000000e-03   1.0079034e+02
   4.0100000e-03   1.0079034e+02
   4.0200000e-03   1.0079034e+02
   4.0300000e-03   1.0079034e+02
   4.0400000e-03   1.0079034e+02
   4.0500000e-03   1.0079034e+02
   4.0600000e-03   1.0079034e+02
   4.0700000e-03   1.0079034e+02
   4.0800000e-03   1.0079034e+02
   4.0900000e-03   1.0079034e+02
   4.1000000e-03   1.0079034e+02
   4.1100000e-03   1.0079034e+02
   4.1200000e-03   1.0079034e+02
   4.1300000e-03   1.0079034e+02
   4.1400000e-03   1.0079034e+02
   4.1500000e-03   1.0079034e+02
   4.1600000e-03   1.0079034e+02
   4.1700000e-03   1.0079034e+02
   4.1800000e-03   1.0079034e+02
   4.1900000e-03   1.0079034e+02
   4.2000000e-03   1.0079034e+02
   4.2100000e-03   1.0079034e+02
   4.2200000e-03   1.0079034e+02
   4.2300000e-03   1.0079034e+02
   4.2400000e-03   1.0079034e+02
   4.2500000e-03   1.0079034e+02
   4.2600000e-03   1.0079034e+02
   4.2700000e-03   1.0079034e+02
   4.2800000e-03   1.0079034e+02
   4.2900000e-03   1.0079034e+02
   4.3000000e-03   1.0079034e+02
   4.3100000e-03   1.0079034e+02
   4.3200000e-03   1.0079034e+02
   4.3300000e-03   1.0079034e+02
   4.3400000e-03   1.0079034e+02
   4.3500000e-03   1.0079034e+02
   4.3600000e-03   1.0079034e+02
   4.3700000e-03   1.0079034e+02
   4.3800000e-03   1.0079034e+02
   4.3900000e-03   1.0079034e+02
   4.4000000e-03   1.0079034e+02
   4.4100000e-03   1.0079034e+02
   4.4200000e-03   1.0079034e+02
   4.4300000e-03   1.0079034e+02
   4.4400000e-03   1.0079034e+02
   4.4500000e-03   1.0079034e+02
   4.4600000e-03   1.0079034e+02
   4.4700000e-03   1.0079034e+02
   4.4800000e-03   1.0079034e+02
   4.4900000e-03   1.0079034e+02
   4.5000000e-03   1.0079034e+02
   4.5100000e-03   1.0079034e+02
   4.5200000e-03   1.0079034e+02
   4.5300000e-03   1.0079034e+02
   4.5400000e-03   1.0079034e+02
   4.5500000e-03   1.0079034e+02
   4.5600000e-03   1.0079034e+02
   4.5700000e-03   1.0079034e+02
   4.5800000e-03   1.0079034e+02
   4.5900000e-03   1.0079034e+02
   4.6000000e-03   1.0079034e+02
   4.6100000e-03   1.0079034e+02
   4.6200000e-03   1.0079034e+02
   4.6300000e-03   1.0079034e+02
   4.6400000e-03   1.0079034e+02
   4.6500000e-03   1.0079034e+02
   4.6600000e-03   1.0079034e+02
   4.6700000e-03   1.0079034e+02
   4.6800000e-03   1.0079034e+02
   4.6900000e-03   1.0079034e+02
   4.7000000e-03   1.0079034e+02
   4.7100000e-03   1.0079034e+02
   4.7200000e-03   1.0079034e+02
   4.7300000e-03   1.0079034e+02
   4.7400000e-03   1.0079034e+02
   4.7500000e-03   1.0079034e+02
   4.7600000e-03   1.0079034e+02
   4.7700000e-03   1.0079034e+02
   4.7800000e-03   1.0079034e+02
   4.7900000e-03   1.0079034e+02
   4.8000000e-03   1.0079034e+02
   4.8100000e-03   1.0079034e+02
   4.8200000e-03   1.0079034e+02
   4.8300000e-03   1.0079034e+02
   4.8400000e-03   1.0079034e+02
   4.8500000e-03   1.0079034e+02
   4.8600000e-03   1.0079034e+02
   4.8700000e-03   1.0079034e+02
   4.8800000e-03   1.0079034e+02
   4.8900000e-03   1.0079034e+02
   4.9000000e-03   1.0079034e+02
   4.9100000e-03   1.0079034e+02
   4.9200000e-03   1.0079034e+02
   4.9300000e-03   1.0079034e+02
   4.9400000e-03   1.0079034e+02
   4.9500000e-03   1.0079034e+02
   4.9600000e-03   1.0079034e+02
   4.9700000e-03   1.0079034e+02
   4.9800000e-03   1.0079034e+02
   4.9900000e-03   1.0079034e+02
   5.0000000e-03   1.0079034e+02
