   1.0000000e-05   1.1182159e+04
   2.0000000e-05   1.1177687e+04
   3.0000000e-05   1.1182305e+04
   4.0000000e-05   1.1188432e+04
   5.0000000e-05   1.1185222e+04
   6.0000000e-05   1.1174237e+04
   7.0000000e-05   1.1170594e+04
   8.0000000e-05   1.1183909e+04
   9.0000000e-05   1.1209564e+04
   1.0000000e-04   1.1236402e+04
   1.1000000e-04   1.1262128e+04
   1.2000000e-04   1.1284037e+04
   1.3000000e-04   1.1292626e+04
   1.4000000e-04   1.1266732e+04
   1.5000000e-04   1.1200308e+04
   1.6000000e-04   1.1100247e+04
   1.7000000e-04   1.0986071e+04
   1.8000000e-04   1.0858000e+04
   1.9000000e-04   1.0720136e+04
   2.0000000e-04   1.0573628e+04
   2.1000000e-04   1.0435972e+04
   2.2000000e-04   1.0290304e+04
   2.3000000e-04   1.0107088e+04
   2.4000000e-04   9.8355806e+03
   2.5000000e-04   9.4627497e+03
   2.6000000e-04   8.9751021e+03
   2.7000000e-04   8.3732430e+03
   2.8000000e-04   7.6440218e+03
   2.9000000e-04   6.8144814e+03
   3.0000000e-04   5.9290441e+03
   3.1000000e-04   5.0456588e+03
   3.2000000e-04   4.1929217e+03
   3.3000000e-04   3.3909524e+03
   3.4000000e-04   2.6586066e+03
   3.5000000e-04   2.0222765e+03
   3.6000000e-04   1.4981067e+03
   3.7000000e-04   1.0868087e+03
   3.8000000e-04   7.7740863e+02
   3.9000000e-04   5.5322285e+02
   4.0000000e-04   3.9648882e+02
   4.1000000e-04   2.8948010e+02
   4.2000000e-04   2.1768966e+02
   4.3000000e-04   1.6968067e+02
   4.4000000e-04   1.3789196e+02
   4.5000000e-04   1.1698433e+02
   4.6000000e-04   1.0385689e+02
   4.7000000e-04   9.6361355e+01
   4.8000000e-04   9.3570792e+01
   4.9000000e-04   9.4880508e+01
   5.0000000e-04   1.0039996e+02
   5.1000000e-04   1.1023207e+02
   5.2000000e-04   1.2512726e+02
   5.3000000e-04   1.4593760e+02
   5.4000000e-04   1.7437298e+02
   5.5000000e-04   2.1214786e+02
   5.6000000e-04   2.6175631e+02
   5.7000000e-04   3.2551761e+02
   5.8000000e-04   4.0662975e+02
   5.9000000e-04   5.0796504e+02
   6.0000000e-04   6.3313930e+02
   6.1000000e-04   7.8526951e+02
   6.2000000e-04   9.6791931e+02
   6.3000000e-04   1.1839116e+03
   6.4000000e-04   1.4355902e+03
   6.5000000e-04   1.7241847e+03
   6.6000000e-04   2.0490941e+03
   6.7000000e-04   2.4093226e+03
   6.8000000e-04   2.8022900e+03
   6.9000000e-04   3.2267941e+03
   7.0000000e-04   3.6766824e+03
   7.1000000e-04   4.1455740e+03
   7.2000000e-04   4.6224655e+03
   7.3000000e-04   5.1052617e+03
   7.4000000e-04   5.5916349e+03
   7.5000000e-04   6.0851943e+03
   7.6000000e-04   6.5783552e+03
   7.7000000e-04   7.0647941e+03
   7.8000000e-04   7.5297261e+03
   7.9000000e-04   7.9697595e+03
   8.0000000e-04   8.3820942e+03
   8.1000000e-04   8.7753409e+03
   8.2000000e-04   9.1466628e+03
   8.3000000e-04   9.4942348e+03
   8.4000000e-04   9.8109797e+03
   8.5000000e-04   1.0103090e+04
   8.6000000e-04   1.0370883e+04
   8.7000000e-04   1.0616423e+04
   8.8000000e-04   1.0836447e+04
   8.9000000e-04   1.1040131e+04
   9.0000000e-04   1.1233617e+04
   9.1000000e-04   1.1418524e+04
   9.2000000e-04   1.1580917e+04
   9.3000000e-04   1.1712625e+04
   9.4000000e-04   1.1816717e+04
   9.5000000e-04   1.1909351e+04
   9.6000000e-04   1.1996399e+04
   9.7000000e-04   1.2075942e+04
   9.8000000e-04   1.2146608e+04
   9.9000000e-04   1.2217847e+04
   1.0000000e-03   1.2290360e+04
   1.0100000e-03   1.2351697e+04
   1.0200000e-03   1.2390046e+04
   1.0300000e-03   1.2414689e+04
   1.0400000e-03   1.2440463e+04
   1.0500000e-03   1.2470139e+04
   1.0600000e-03   1.2494018e+04
   1.0700000e-03   1.2507062e+04
   1.0800000e-03   1.2509074e+04
   1.0900000e-03   1.2501299e+04
   1.1000000e-03   1.2487230e+04
   1.1100000e-03   1.2477244e+04
   1.1200000e-03   1.2478166e+04
   1.1300000e-03   1.2485221e+04
   1.1400000e-03   1.2485221e+04
   1.1500000e-03   1.2470465e+04
   1.1600000e-03   1.2443817e+04
   1.1700000e-03   1.2413232e+04
   1.1800000e-03   1.2382184e+04
   1.1900000e-03   1.2351052e+04
   1.2000000e-03   1.2323213e+04
   1.2100000e-03   1.2302549e+04
   1.2200000e-03   1.2281653e+04
   1.2300000e-03   1.2245342e+04
   1.2400000e-03   1.2191528e+04
   1.2500000e-03   1.2138531e+04
   1.2600000e-03   1.2102170e+04
   1.2700000e-03   1.2077727e+04
   1.2800000e-03   1.2050818e+04
   1.2900000e-03   1.2016967e+04
   1.3000000e-03   1.1979615e+04
   1.3100000e-03   1.1938175e+04
   1.3200000e-03   1.1888450e+04
   1.3300000e-03   1.1833426e+04
   1.3400000e-03   1.1783983e+04
   1.3500000e-03   1.1746233e+04
   1.3600000e-03   1.1712167e+04
   1.3700000e-03   1.1670739e+04
   1.3800000e-03   1.1624958e+04
   1.3900000e-03   1.1585953e+04
   1.4000000e-03   1.1549138e+04
   1.4100000e-03   1.1496084e+04
   1.4200000e-03   1.1426917e+04
   1.4300000e-03   1.1367355e+04
   1.4400000e-03   1.1331431e+04
   1.4500000e-03   1.1298667e+04
   1.4600000e-03   1.1249062e+04
   1.4700000e-03   1.1197046e+04
   1.4800000e-03   1.1170594e+04
   1.4900000e-03   1.1170594e+04
   1.5000000e-03   1.1175937e+04
   1.5100000e-03   1.1174868e+04
   1.5200000e-03   1.1172536e+04
   1.5300000e-03   1.1173265e+04
   1.5400000e-03   1.1174382e+04
   1.5500000e-03   1.1173897e+04
   1.5600000e-03   1.1173508e+04
   1.5700000e-03   1.1173799e+04
   1.5800000e-03   1.1173994e+04
   1.5900000e-03   1.1173799e+04
   1.6000000e-03   1.1173799e+04
   1.6100000e-03   1.1173799e+04
   1.6200000e-03   1.1173751e+04
   1.6300000e-03   1.1173799e+04
   1.6400000e-03   1.1173848e+04
   1.6500000e-03   1.1173799e+04
   1.6600000e-03   1.1173751e+04
   1.6700000e-03   1.1173799e+04
   1.6800000e-03   1.1173799e+04
   1.6900000e-03   1.1173799e+04
   1.7000000e-03   1.1173799e+04
   1.7100000e-03   1.1173799e+04
   1.7200000e-03   1.1173799e+04
   1.7300000e-03   1.1173799e+04
   1.7400000e-03   1.1173799e+04
   1.7500000e-03   1.1173799e+04
   1.7600000e-03   1.1173799e+04
   1.7700000e-03   1.1173799e+04
   1.7800000e-03   1.1173799e+04
   1.7900000e-03   1.1173799e+04
   1.8000000e-03   1.1173799e+04
   1.8100000e-03   1.1173799e+04
   1.8200000e-03   1.1173799e+04
   1.8300000e-03   1.1173799e+04
   1.8400000e-03   1.1173799e+04
   1.8500000e-03   1.1173799e+04
   1.8600000e-03   1.1173799e+04
   1.8700000e-03   1.1173799e+04
   1.8800000e-03   1.1173799e+04
   1.8900000e-03   1.1173799e+04
   1.9000000e-03   1.1173799e+04
   1.9100000e-03   1.1173799e+04
   1.9200000e-03   1.1173799e+04
   1.9300000e-03   1.1173799e+04
   1.9400000e-03   1.1173799e+04
   1.9500000e-03   1.1173799e+04
   1.9600000e-03   1.1173799e+04
   1.9700000e-03   1.1173799e+04
   1.9800000e-03   1.1173799e+04
   1.9900000e-03   1.1173799e+04
   2.0000000e-03   1.1173799e+04
   2.0100000e-03   1.1173799e+04
   2.0200000e-03   1.1173799e+04
   2.0300000e-03   1.1173799e+04
   2.0400000e-03   1.1173799e+04
   2.0500000e-03   1.1173799e+04
   2.0600000e-03   1.1173799e+04
   2.0700000e-03   1.1173799e+04
   2.0800000e-03   1.1173799e+04
   2.0900000e-03   1.1173799e+04
   2.1000000e-03   1.1173799e+04
   2.1100000e-03   1.1173799e+04
   2.1200000e-03   1.1173799e+04
   2.1300000e-03   1.1173799e+04
   2.1400000e-03   1.1173799e+04
   2.1500000e-03   1.1173799e+04
   2.1600000e-03   1.1173799e+04
   2.1700000e-03   1.1173799e+04
   2.1800000e-03   1.1173799e+04
   2.1900000e-03   1.1173799e+04
   2.2000000e-03   1.1173799e+04
   2.2100000e-03   1.1173799e+04
   2.2200000e-03   1.1173799e+04
   2.2300000e-03   1.1173799e+04
   2.2400000e-03   1.1173799e+04
   2.2500000e-03   1.1173799e+04
   2.2600000e-03   1.1173799e+04
   2.2700000e-03   1.1173799e+04
   2.2800000e-03   1.1173799e+04
   2.2900000e-03   1.1173799e+04
   2.3000000e-03   1.1173799e+04
   2.3100000e-03   1.1173799e+04
   2.3200000e-03   1.1173799e+04
   2.3300000e-03   1.1173799e+04
   2.3400000e-03   1.1173799e+04
   2.3500000e-03   1.1173799e+04
   2.3600000e-03   1.1173799e+04
   2.3700000e-03   1.1173799e+04
   2.3800000e-03   1.1173799e+04
   2.3900000e-03   1.1173799e+04
   2.4000000e-03   1.1173799e+04
   2.4100000e-03   1.1173799e+04
   2.4200000e-03   1.1173799e+04
   2.4300000e-03   1.1173799e+04
   2.4400000e-03   1.1173799e+04
   2.4500000e-03   1.1173799e+04
   2.4600000e-03   1.1173799e+04
   2.4700000e-03   1.1173799e+04
   2.4800000e-03   1.1173799e+04
   2.4900000e-03   1.1173799e+04
   2.5000000e-03   1.1173799e+04
   2.5100000e-03   1.1173799e+04
   2.5200000e-03   1.1173799e+04
   2.5300000e-03   1.1173799e+04
   2.5400000e-03   1.1173799e+04
   2.5500000e-03   1.1173799e+04
   2.5600000e-03   1.1173799e+04
   2.5700000e-03   1.1173799e+04
   2.5800000e-03   1.1173799e+04
   2.5900000e-03   1.1173799e+04
   2.6000000e-03   1.1173799e+04
   2.6100000e-03   1.1173799e+04
   2.6200000e-03   1.1173799e+04
   2.6300000e-03   1.1173799e+04
   2.6400000e-03   1.1173799e+04
   2.6500000e-03   1.1173799e+04
   2.6600000e-03   1.1173799e+04
   2.6700000e-03   1.1173799e+04
   2.6800000e-03   1.1173799e+04
   2.6900000e-03   1.1173799e+04
   2.7000000e-03   1.1173799e+04
   2.7100000e-03   1.1173799e+04
   2.7200000e-03   1.1173799e+04
   2.7300000e-03   1.1173799e+04
   2.7400000e-03   1.1173799e+04
   2.7500000e-03   1.1173799e+04
   2.7600000e-03   1.1173799e+04
   2.7700000e-03   1.1173799e+04
   2.7800000e-03   1.1173799e+04
   2.7900000e-03   1.1173799e+04
   2.8000000e-03   1.1173799e+04
   2.8100000e-03   1.1173799e+04
   2.8200000e-03   1.1173799e+04
   2.8300000e-03   1.1173799e+04
   2.8400000e-03   1.1173799e+04
   2.8500000e-03   1.1173799e+04
   2.8600000e-03   1.1173799e+04
   2.8700000e-03   1.1173799e+04
   2.8800000e-03   1.1173799e+04
   2.8900000e-03   1.1173799e+04
   2.9000000e-03   1.1173799e+04
   2.9100000e-03   1.1173799e+04
   2.9200000e-03   1.1173799e+04
   2.9300000e-03   1.1173799e+04
   2.9400000e-03   1.1173799e+04
   2.9500000e-03   1.1173799e+04
   2.9600000e-03   1.1173799e+04
   2.9700000e-03   1.1173799e+04
   2.9800000e-03   1.1173799e+04
   2.9900000e-03   1.1173799e+04
   3.0000000e-03   1.1173799e+04
   3.0100000e-03   1.1173799e+04
   3.0200000e-03   1.1173799e+04
   3.0300000e-03   1.1173799e+04
   3.0400000e-03   1.1173799e+04
   3.0500000e-03   1.1173799e+04
   3.0600000e-03   1.1173799e+04
   3.0700000e-03   1.1173799e+04
   3.0800000e-03   1.1173799e+04
   3.0900000e-03   1.1173799e+04
   3.1000000e-03   1.1173799e+04
   3.1100000e-03   1.1173799e+04
   3.1200000e-03   1.1173799e+04
   3.1300000e-03   1.1173799e+04
   3.1400000e-03   1.1173799e+04
   3.1500000e-03   1.1173799e+04
   3.1600000e-03   1.1173799e+04
   3.1700000e-03   1.1173799e+04
   3.1800000e-03   1.1173799e+04
   3.1900000e-03   1.1173799e+04
   3.2000000e-03   1.1173799e+04
   3.2100000e-03   1.1173799e+04
   3.2200000e-03   1.1173799e+04
   3.2300000e-03   1.1173799e+04
   3.2400000e-03   1.1173799e+04
   3.2500000e-03   1.1173799e+04
   3.2600000e-03   1.1173799e+04
   3.2700000e-03   1.1173799e+04
   3.2800000e-03   1.1173799e+04
   3.2900000e-03   1.1173799e+04
   3.3000000e-03   1.1173799e+04
   3.3100000e-03   1.1173799e+04
   3.3200000e-03   1.1173799e+04
   3.3300000e-03   1.1173799e+04
   3.3400000e-03   1.1173799e+04
   3.3500000e-03   1.1173799e+04
   3.3600000e-03   1.1173799e+04
   3.3700000e-03   1.1173799e+04
   3.3800000e-03   1.1173799e+04
   3.3900000e-03   1.1173799e+04
   3.4000000e-03   1.1173799e+04
   3.4100000e-03   1.1173799e+04
   3.4200000e-03   1.1173799e+04
   3.4300000e-03   1.1173799e+04
   3.4400000e-03   1.1173799e+04
   3.4500000e-03   1.1173799e+04
   3.4600000e-03   1.1173799e+04
   3.4700000e-03   1.1173799e+04
   3.4800000e-03   1.1173799e+04
   3.4900000e-03   1.1173799e+04
   3.5000000e-03   1.1173799e+04
   3.5100000e-03   1.1173799e+04
   3.5200000e-03   1.1173799e+04
   3.5300000e-03   1.1173799e+04
   3.5400000e-03   1.1173799e+04
   3.5500000e-03   1.1173799e+04
   3.5600000e-03   1.1173799e+04
   3.5700000e-03   1.1173799e+04
   3.5800000e-03   1.1173799e+04
   3.5900000e-03   1.1173799e+04
   3.6000000e-03   1.1173799e+04
   3.6100000e-03   1.1173799e+04
   3.6200000e-03   1.1173799e+04
   3.6300000e-03   1.1173799e+04
   3.6400000e-03   1.1173799e+04
   3.6500000e-03   1.1173799e+04
   3.6600000e-03   1.1173799e+04
   3.6700000e-03   1.1173799e+04
   3.6800000e-03   1.1173799e+04
   3.6900000e-03   1.1173799e+04
   3.7000000e-03   1.1173799e+04
   3.7100000e-03   1.1173799e+04
   3.7200000e-03   1.1173799e+04
   3.7300000e-03   1.1173799e+04
   3.7400000e-03   1.1173799e+04
   3.7500000e-03   1.1173799e+04
   3.7600000e-03   1.1173799e+04
   3.7700000e-03   1.1173799e+04
   3.7800000e-03   1.1173799e+04
   3.7900000e-03   1.1173799e+04
   3.8000000e-03   1.1173799e+04
   3.8100000e-03   1.1173799e+04
   3.8200000e-03   1.1173799e+04
   3.8300000e-03   1.1173799e+04
   3.8400000e-03   1.1173799e+04
   3.8500000e-03   1.1173799e+04
   3.8600000e-03   1.1173799e+04
   3.8700000e-03   1.1173799e+04
   3.8800000e-03   1.1173799e+04
   3.8900000e-03   1.1173799e+04
   3.9000000e-03   1.1173799e+04
   3.9100000e-03   1.1173799e+04
   3.9200000e-03   1.1173799e+04
   3.9300000e-03   1.1173799e+04
   3.9400000e-03   1.1173799e+04
   3.9500000e-03   1.1173799e+04
   3.9600000e-03   1.1173799e+04
   3.9700000e-03   1.1173799e+04
   3.9800000e-03   1.1173799e+04
   3.9900000e-03   1.1173799e+04
   4.0000000e-03   1.1173799e+04
   4.0100000e-03   1.1173799e+04
   4.0200000e-03   1.1173799e+04
   4.0300000e-03   1.1173799e+04
   4.0400000e-03   1.1173799e+04
   4.0500000e-03   1.1173799e+04
   4.0600000e-03   1.1173799e+04
   4.0700000e-03   1.1173799e+04
   4.0800000e-03   1.1173799e+04
   4.0900000e-03   1.1173799e+04
   4.1000000e-03   1.1173799e+04
   4.1100000e-03   1.1173799e+04
   4.1200000e-03   1.1173799e+04
   4.1300000e-03   1.1173799e+04
   4.1400000e-03   1.1173799e+04
   4.1500000e-03   1.1173799e+04
   4.1600000e-03   1.1173799e+04
   4.1700000e-03   1.1173799e+04
   4.1800000e-03   1.1173799e+04
   4.1900000e-03   1.1173799e+04
   4.2000000e-03   1.1173799e+04
   4.2100000e-03   1.1173799e+04
   4.2200000e-03   1.1173799e+04
   4.2300000e-03   1.1173799e+04
   4.2400000e-03   1.1173799e+04
   4.2500000e-03   1.1173799e+04
   4.2600000e-03   1.1173799e+04
   4.2700000e-03   1.1173799e+04
   4.2800000e-03   1.1173799e+04
   4.2900000e-03   1.1173799e+04
   4.3000000e-03   1.1173799e+04
   4.3100000e-03   1.1173799e+04
   4.3200000e-03   1.1173799e+04
   4.3300000e-03   1.1173799e+04
   4.3400000e-03   1.1173799e+04
   4.3500000e-03   1.1173799e+04
   4.3600000e-03   1.1173799e+04
   4.3700000e-03   1.1173799e+04
   4.3800000e-03   1.1173799e+04
   4.3900000e-03   1.1173799e+04
   4.4000000e-03   1.1173799e+04
   4.4100000e-03   1.1173799e+04
   4.4200000e-03   1.1173799e+04
   4.4300000e-03   1.1173799e+04
   4.4400000e-03   1.1173799e+04
   4.4500000e-03   1.1173799e+04
   4.4600000e-03   1.1173799e+04
   4.4700000e-03   1.1173799e+04
   4.4800000e-03   1.1173799e+04
   4.4900000e-03   1.1173799e+04
   4.5000000e-03   1.1173799e+04
   4.5100000e-03   1.1173799e+04
   4.5200000e-03   1.1173799e+04
   4.5300000e-03   1.1173799e+04
   4.5400000e-03   1.1173799e+04
   4.5500000e-03   1.1173799e+04
   4.5600000e-03   1.1173799e+04
   4.5700000e-03   1.1173799e+04
   4.5800000e-03   1.1173799e+04
   4.5900000e-03   1.1173799e+04
   4.6000000e-03   1.1173799e+04
   4.6100000e-03   1.1173799e+04
   4.6200000e-03   1.1173799e+04
   4.6300000e-03   1.1173799e+04
   4.6400000e-03   1.1173799e+04
   4.6500000e-03   1.1173799e+04
   4.6600000e-03   1.1173799e+04
   4.6700000e-03   1.1173799e+04
   4.6800000e-03   1.1173799e+04
   4.6900000e-03   1.1173799e+04
   4.7000000e-03   1.1173799e+04
   4.7100000e-03   1.1173799e+04
   4.7200000e-03   1.1173799e+04
   4.7300000e-03   1.1173799e+04
   4.7400000e-03   1.1173799e+04
   4.7500000e-03   1.1173799e+04
   4.7600000e-03   1.1173799e+04
   4.7700000e-03   1.1173799e+04
   4.7800000e-03   1.1173799e+04
   4.7900000e-03   1.1173799e+04
   4.8000000e-03   1.1173799e+04
   4.8100000e-03   1.1173799e+04
   4.8200000e-03   1.1173799e+04
   4.8300000e-03   1.1173799e+04
   4.8400000e-03   1.1173799e+04
   4.8500000e-03   1.1173799e+04
   4.8600000e-03   1.1173799e+04
   4.8700000e-03   1.1173799e+04
   4.8800000e-03   1.1173799e+04
   4.8900000e-03   1.1173799e+04
   4.9000000e-03   1.1173799e+04
   4.9100000e-03   1.1173799e+04
   4.9200000e-03   1.1173799e+04
   4.9300000e-03   1.1173799e+04
   4.9400000e-03   1.1173799e+04
   4.9500000e-03   1.1173799e+04
   4.9600000e-03   1.1173799e+04
   4.9700000e-03   1.1173799e+04
   4.9800000e-03   1.1173799e+04
   4.9900000e-03   1.1173799e+04
   5.0000000e-03   1.1173799e+04
