   1.0000000e-05   1.4909545e+04
   2.0000000e-05   1.4903582e+04
   3.0000000e-05   1.4909739e+04
   4.0000000e-05   1.4917910e+04
   5.0000000e-05   1.4913629e+04
   6.0000000e-05   1.4898982e+04
   7.0000000e-05   1.4894125e+04
   8.0000000e-05   1.4911879e+04
   9.0000000e-05   1.4946086e+04
   1.0000000e-04   1.4981869e+04
   1.1000000e-04   1.5016171e+04
   1.2000000e-04   1.5045383e+04
   1.3000000e-04   1.5056835e+04
   1.4000000e-04   1.5022309e+04
   1.5000000e-04   1.4933744e+04
   1.6000000e-04   1.4800329e+04
   1.7000000e-04   1.4648095e+04
   1.8000000e-04   1.4477333e+04
   1.9000000e-04   1.4293515e+04
   2.0000000e-04   1.4098171e+04
   2.1000000e-04   1.3914629e+04
   2.2000000e-04   1.3720406e+04
   2.3000000e-04   1.3476117e+04
   2.4000000e-04   1.3114108e+04
   2.5000000e-04   1.2617000e+04
   2.6000000e-04   1.1966803e+04
   2.7000000e-04   1.1164324e+04
   2.8000000e-04   1.0192029e+04
   2.9000000e-04   9.0859752e+03
   3.0000000e-04   7.9053922e+03
   3.1000000e-04   6.7275450e+03
   3.2000000e-04   5.5905623e+03
   3.3000000e-04   4.5212699e+03
   3.4000000e-04   3.5448088e+03
   3.5000000e-04   2.6963687e+03
   3.6000000e-04   1.9974757e+03
   3.7000000e-04   1.4490783e+03
   3.8000000e-04   1.0365448e+03
   3.9000000e-04   7.3763046e+02
   4.0000000e-04   5.2865176e+02
   4.1000000e-04   3.8597346e+02
   4.2000000e-04   2.9025288e+02
   4.3000000e-04   2.2624090e+02
   4.4000000e-04   1.8385594e+02
   4.5000000e-04   1.5597911e+02
   4.6000000e-04   1.3847586e+02
   4.7000000e-04   1.2848181e+02
   4.8000000e-04   1.2476106e+02
   4.9000000e-04   1.2650734e+02
   5.0000000e-04   1.3386661e+02
   5.1000000e-04   1.4697609e+02
   5.2000000e-04   1.6683635e+02
   5.3000000e-04   1.9458347e+02
   5.4000000e-04   2.3249730e+02
   5.5000000e-04   2.8286382e+02
   5.6000000e-04   3.4900841e+02
   5.7000000e-04   4.3402347e+02
   5.8000000e-04   5.4217300e+02
   5.9000000e-04   6.7728673e+02
   6.0000000e-04   8.4418573e+02
   6.1000000e-04   1.0470260e+03
   6.2000000e-04   1.2905591e+03
   6.3000000e-04   1.5785488e+03
   6.4000000e-04   1.9141203e+03
   6.5000000e-04   2.2989130e+03
   6.6000000e-04   2.7321255e+03
   6.7000000e-04   3.2124301e+03
   6.8000000e-04   3.7363866e+03
   6.9000000e-04   4.3023921e+03
   7.0000000e-04   4.9022433e+03
   7.1000000e-04   5.5274321e+03
   7.2000000e-04   6.1632874e+03
   7.3000000e-04   6.8070155e+03
   7.4000000e-04   7.4555131e+03
   7.5000000e-04   8.1135924e+03
   7.6000000e-04   8.7711403e+03
   7.7000000e-04   9.4197255e+03
   7.8000000e-04   1.0039635e+04
   7.9000000e-04   1.0626346e+04
   8.0000000e-04   1.1176126e+04
   8.1000000e-04   1.1700455e+04
   8.2000000e-04   1.2195550e+04
   8.3000000e-04   1.2658980e+04
   8.4000000e-04   1.3081306e+04
   8.5000000e-04   1.3470786e+04
   8.6000000e-04   1.3827844e+04
   8.7000000e-04   1.4155231e+04
   8.8000000e-04   1.4448596e+04
   8.9000000e-04   1.4720175e+04
   9.0000000e-04   1.4978157e+04
   9.1000000e-04   1.5224698e+04
   9.2000000e-04   1.5441223e+04
   9.3000000e-04   1.5616834e+04
   9.4000000e-04   1.5755622e+04
   9.5000000e-04   1.5879134e+04
   9.6000000e-04   1.5995198e+04
   9.7000000e-04   1.6101256e+04
   9.8000000e-04   1.6195478e+04
   9.9000000e-04   1.6290463e+04
   1.0000000e-03   1.6387146e+04
   1.0100000e-03   1.6468929e+04
   1.0200000e-03   1.6520062e+04
   1.0300000e-03   1.6552919e+04
   1.0400000e-03   1.6587284e+04
   1.0500000e-03   1.6626852e+04
   1.0600000e-03   1.6658691e+04
   1.0700000e-03   1.6676083e+04
   1.0800000e-03   1.6678766e+04
   1.0900000e-03   1.6668399e+04
   1.1000000e-03   1.6649639e+04
   1.1100000e-03   1.6636325e+04
   1.1200000e-03   1.6637555e+04
   1.1300000e-03   1.6646961e+04
   1.1400000e-03   1.6646961e+04
   1.1500000e-03   1.6627286e+04
   1.1600000e-03   1.6591756e+04
   1.1700000e-03   1.6550976e+04
   1.1800000e-03   1.6509579e+04
   1.1900000e-03   1.6468070e+04
   1.2000000e-03   1.6430951e+04
   1.2100000e-03   1.6403399e+04
   1.2200000e-03   1.6375537e+04
   1.2300000e-03   1.6327123e+04
   1.2400000e-03   1.6255370e+04
   1.2500000e-03   1.6184708e+04
   1.2600000e-03   1.6136226e+04
   1.2700000e-03   1.6103636e+04
   1.2800000e-03   1.6067758e+04
   1.2900000e-03   1.6022622e+04
   1.3000000e-03   1.5972821e+04
   1.3100000e-03   1.5917567e+04
   1.3200000e-03   1.5851267e+04
   1.3300000e-03   1.5777901e+04
   1.3400000e-03   1.5711978e+04
   1.3500000e-03   1.5661644e+04
   1.3600000e-03   1.5616223e+04
   1.3700000e-03   1.5560985e+04
   1.3800000e-03   1.5499944e+04
   1.3900000e-03   1.5447938e+04
   1.4000000e-03   1.5398851e+04
   1.4100000e-03   1.5328112e+04
   1.4200000e-03   1.5235889e+04
   1.4300000e-03   1.5156473e+04
   1.4400000e-03   1.5108575e+04
   1.4500000e-03   1.5064889e+04
   1.4600000e-03   1.4998749e+04
   1.4700000e-03   1.4929394e+04
   1.4800000e-03   1.4894125e+04
   1.4900000e-03   1.4894125e+04
   1.5000000e-03   1.4901250e+04
   1.5100000e-03   1.4899824e+04
   1.5200000e-03   1.4896715e+04
   1.5300000e-03   1.4897687e+04
   1.5400000e-03   1.4899177e+04
   1.5500000e-03   1.4898529e+04
   1.5600000e-03   1.4898011e+04
   1.5700000e-03   1.4898399e+04
   1.5800000e-03   1.4898658e+04
   1.5900000e-03   1.4898399e+04
   1.6000000e-03   1.4898399e+04
   1.6100000e-03   1.4898399e+04
   1.6200000e-03   1.4898335e+04
   1.6300000e-03   1.4898399e+04
   1.6400000e-03   1.4898464e+04
   1.6500000e-03   1.4898399e+04
   1.6600000e-03   1.4898335e+04
   1.6700000e-03   1.4898399e+04
   1.6800000e-03   1.4898399e+04
   1.6900000e-03   1.4898399e+04
   1.7000000e-03   1.4898399e+04
   1.7100000e-03   1.4898399e+04
   1.7200000e-03   1.4898399e+04
   1.7300000e-03   1.4898399e+04
   1.7400000e-03   1.4898399e+04
   1.7500000e-03   1.4898399e+04
   1.7600000e-03   1.4898399e+04
   1.7700000e-03   1.4898399e+04
   1.7800000e-03   1.4898399e+04
   1.7900000e-03   1.4898399e+04
   1.8000000e-03   1.4898399e+04
   1.8100000e-03   1.4898399e+04
   1.8200000e-03   1.4898399e+04
   1.8300000e-03   1.4898399e+04
   1.8400000e-03   1.4898399e+04
   1.8500000e-03   1.4898399e+04
   1.8600000e-03   1.4898399e+04
   1.8700000e-03   1.4898399e+04
   1.8800000e-03   1.4898399e+04
   1.8900000e-03   1.4898399e+04
   1.9000000e-03   1.4898399e+04
   1.9100000e-03   1.4898399e+04
   1.9200000e-03   1.4898399e+04
   1.9300000e-03   1.4898399e+04
   1.9400000e-03   1.4898399e+04
   1.9500000e-03   1.4898399e+04
   1.9600000e-03   1.4898399e+04
   1.9700000e-03   1.4898399e+04
   1.9800000e-03   1.4898399e+04
   1.9900000e-03   1.4898399e+04
   2.0000000e-03   1.4898399e+04
   2.0100000e-03   1.4898399e+04
   2.0200000e-03   1.4898399e+04
   2.0300000e-03   1.4898399e+04
   2.0400000e-03   1.4898399e+04
   2.0500000e-03   1.4898399e+04
   2.0600000e-03   1.4898399e+04
   2.0700000e-03   1.4898399e+04
   2.0800000e-03   1.4898399e+04
   2.0900000e-03   1.4898399e+04
   2.1000000e-03   1.4898399e+04
   2.1100000e-03   1.4898399e+04
   2.1200000e-03   1.4898399e+04
   2.1300000e-03   1.4898399e+04
   2.1400000e-03   1.4898399e+04
   2.1500000e-03   1.4898399e+04
   2.1600000e-03   1.4898399e+04
   2.1700000e-03   1.4898399e+04
   2.1800000e-03   1.4898399e+04
   2.1900000e-03   1.4898399e+04
   2.2000000e-03   1.4898399e+04
   2.2100000e-03   1.4898399e+04
   2.2200000e-03   1.4898399e+04
   2.2300000e-03   1.4898399e+04
   2.2400000e-03   1.4898399e+04
   2.2500000e-03   1.4898399e+04
   2.2600000e-03   1.4898399e+04
   2.2700000e-03   1.4898399e+04
   2.2800000e-03   1.4898399e+04
   2.2900000e-03   1.4898399e+04
   2.3000000e-03   1.4898399e+04
   2.3100000e-03   1.4898399e+04
   2.3200000e-03   1.4898399e+04
   2.3300000e-03   1.4898399e+04
   2.3400000e-03   1.4898399e+04
   2.3500000e-03   1.4898399e+04
   2.3600000e-03   1.4898399e+04
   2.3700000e-03   1.4898399e+04
   2.3800000e-03   1.4898399e+04
   2.3900000e-03   1.4898399e+04
   2.4000000e-03   1.4898399e+04
   2.4100000e-03   1.4898399e+04
   2.4200000e-03   1.4898399e+04
   2.4300000e-03   1.4898399e+04
   2.4400000e-03   1.4898399e+04
   2.4500000e-03   1.4898399e+04
   2.4600000e-03   1.4898399e+04
   2.4700000e-03   1.4898399e+04
   2.4800000e-03   1.4898399e+04
   2.4900000e-03   1.4898399e+04
   2.5000000e-03   1.4898399e+04
   2.5100000e-03   1.4898399e+04
   2.5200000e-03   1.4898399e+04
   2.5300000e-03   1.4898399e+04
   2.5400000e-03   1.4898399e+04
   2.5500000e-03   1.4898399e+04
   2.5600000e-03   1.4898399e+04
   2.5700000e-03   1.4898399e+04
   2.5800000e-03   1.4898399e+04
   2.5900000e-03   1.4898399e+04
   2.6000000e-03   1.4898399e+04
   2.6100000e-03   1.4898399e+04
   2.6200000e-03   1.4898399e+04
   2.6300000e-03   1.4898399e+04
   2.6400000e-03   1.4898399e+04
   2.6500000e-03   1.4898399e+04
   2.6600000e-03   1.4898399e+04
   2.6700000e-03   1.4898399e+04
   2.6800000e-03   1.4898399e+04
   2.6900000e-03   1.4898399e+04
   2.7000000e-03   1.4898399e+04
   2.7100000e-03   1.4898399e+04
   2.7200000e-03   1.4898399e+04
   2.7300000e-03   1.4898399e+04
   2.7400000e-03   1.4898399e+04
   2.7500000e-03   1.4898399e+04
   2.7600000e-03   1.4898399e+04
   2.7700000e-03   1.4898399e+04
   2.7800000e-03   1.4898399e+04
   2.7900000e-03   1.4898399e+04
   2.8000000e-03   1.4898399e+04
   2.8100000e-03   1.4898399e+04
   2.8200000e-03   1.4898399e+04
   2.8300000e-03   1.4898399e+04
   2.8400000e-03   1.4898399e+04
   2.8500000e-03   1.4898399e+04
   2.8600000e-03   1.4898399e+04
   2.8700000e-03   1.4898399e+04
   2.8800000e-03   1.4898399e+04
   2.8900000e-03   1.4898399e+04
   2.9000000e-03   1.4898399e+04
   2.9100000e-03   1.4898399e+04
   2.9200000e-03   1.4898399e+04
   2.9300000e-03   1.4898399e+04
   2.9400000e-03   1.4898399e+04
   2.9500000e-03   1.4898399e+04
   2.9600000e-03   1.4898399e+04
   2.9700000e-03   1.4898399e+04
   2.9800000e-03   1.4898399e+04
   2.9900000e-03   1.4898399e+04
   3.0000000e-03   1.4898399e+04
   3.0100000e-03   1.4898399e+04
   3.0200000e-03   1.4898399e+04
   3.0300000e-03   1.4898399e+04
   3.0400000e-03   1.4898399e+04
   3.0500000e-03   1.4898399e+04
   3.0600000e-03   1.4898399e+04
   3.0700000e-03   1.4898399e+04
   3.0800000e-03   1.4898399e+04
   3.0900000e-03   1.4898399e+04
   3.1000000e-03   1.4898399e+04
   3.1100000e-03   1.4898399e+04
   3.1200000e-03   1.4898399e+04
   3.1300000e-03   1.4898399e+04
   3.1400000e-03   1.4898399e+04
   3.1500000e-03   1.4898399e+04
   3.1600000e-03   1.4898399e+04
   3.1700000e-03   1.4898399e+04
   3.1800000e-03   1.4898399e+04
   3.1900000e-03   1.4898399e+04
   3.2000000e-03   1.4898399e+04
   3.2100000e-03   1.4898399e+04
   3.2200000e-03   1.4898399e+04
   3.2300000e-03   1.4898399e+04
   3.2400000e-03   1.4898399e+04
   3.2500000e-03   1.4898399e+04
   3.2600000e-03   1.4898399e+04
   3.2700000e-03   1.4898399e+04
   3.2800000e-03   1.4898399e+04
   3.2900000e-03   1.4898399e+04
   3.3000000e-03   1.4898399e+04
   3.3100000e-03   1.4898399e+04
   3.3200000e-03   1.4898399e+04
   3.3300000e-03   1.4898399e+04
   3.3400000e-03   1.4898399e+04
   3.3500000e-03   1.4898399e+04
   3.3600000e-03   1.4898399e+04
   3.3700000e-03   1.4898399e+04
   3.3800000e-03   1.4898399e+04
   3.3900000e-03   1.4898399e+04
   3.4000000e-03   1.4898399e+04
   3.4100000e-03   1.4898399e+04
   3.4200000e-03   1.4898399e+04
   3.4300000e-03   1.4898399e+04
   3.4400000e-03   1.4898399e+04
   3.4500000e-03   1.4898399e+04
   3.4600000e-03   1.4898399e+04
   3.4700000e-03   1.4898399e+04
   3.4800000e-03   1.4898399e+04
   3.4900000e-03   1.4898399e+04
   3.5000000e-03   1.4898399e+04
   3.5100000e-03   1.4898399e+04
   3.5200000e-03   1.4898399e+04
   3.5300000e-03   1.4898399e+04
   3.5400000e-03   1.4898399e+04
   3.5500000e-03   1.4898399e+04
   3.5600000e-03   1.4898399e+04
   3.5700000e-03   1.4898399e+04
   3.5800000e-03   1.4898399e+04
   3.5900000e-03   1.4898399e+04
   3.6000000e-03   1.4898399e+04
   3.6100000e-03   1.4898399e+04
   3.6200000e-03   1.4898399e+04
   3.6300000e-03   1.4898399e+04
   3.6400000e-03   1.4898399e+04
   3.6500000e-03   1.4898399e+04
   3.6600000e-03   1.4898399e+04
   3.6700000e-03   1.4898399e+04
   3.6800000e-03   1.4898399e+04
   3.6900000e-03   1.4898399e+04
   3.7000000e-03   1.4898399e+04
   3.7100000e-03   1.4898399e+04
   3.7200000e-03   1.4898399e+04
   3.7300000e-03   1.4898399e+04
   3.7400000e-03   1.4898399e+04
   3.7500000e-03   1.4898399e+04
   3.7600000e-03   1.4898399e+04
   3.7700000e-03   1.4898399e+04
   3.7800000e-03   1.4898399e+04
   3.7900000e-03   1.4898399e+04
   3.8000000e-03   1.4898399e+04
   3.8100000e-03   1.4898399e+04
   3.8200000e-03   1.4898399e+04
   3.8300000e-03   1.4898399e+04
   3.8400000e-03   1.4898399e+04
   3.8500000e-03   1.4898399e+04
   3.8600000e-03   1.4898399e+04
   3.8700000e-03   1.4898399e+04
   3.8800000e-03   1.4898399e+04
   3.8900000e-03   1.4898399e+04
   3.9000000e-03   1.4898399e+04
   3.9100000e-03   1.4898399e+04
   3.9200000e-03   1.4898399e+04
   3.9300000e-03   1.4898399e+04
   3.9400000e-03   1.4898399e+04
   3.9500000e-03   1.4898399e+04
   3.9600000e-03   1.4898399e+04
   3.9700000e-03   1.4898399e+04
   3.9800000e-03   1.4898399e+04
   3.9900000e-03   1.4898399e+04
   4.0000000e-03   1.4898399e+04
   4.0100000e-03   1.4898399e+04
   4.0200000e-03   1.4898399e+04
   4.0300000e-03   1.4898399e+04
   4.0400000e-03   1.4898399e+04
   4.0500000e-03   1.4898399e+04
   4.0600000e-03   1.4898399e+04
   4.0700000e-03   1.4898399e+04
   4.0800000e-03   1.4898399e+04
   4.0900000e-03   1.4898399e+04
   4.1000000e-03   1.4898399e+04
   4.1100000e-03   1.4898399e+04
   4.1200000e-03   1.4898399e+04
   4.1300000e-03   1.4898399e+04
   4.1400000e-03   1.4898399e+04
   4.1500000e-03   1.4898399e+04
   4.1600000e-03   1.4898399e+04
   4.1700000e-03   1.4898399e+04
   4.1800000e-03   1.4898399e+04
   4.1900000e-03   1.4898399e+04
   4.2000000e-03   1.4898399e+04
   4.2100000e-03   1.4898399e+04
   4.2200000e-03   1.4898399e+04
   4.2300000e-03   1.4898399e+04
   4.2400000e-03   1.4898399e+04
   4.2500000e-03   1.4898399e+04
   4.2600000e-03   1.4898399e+04
   4.2700000e-03   1.4898399e+04
   4.2800000e-03   1.4898399e+04
   4.2900000e-03   1.4898399e+04
   4.3000000e-03   1.4898399e+04
   4.3100000e-03   1.4898399e+04
   4.3200000e-03   1.4898399e+04
   4.3300000e-03   1.4898399e+04
   4.3400000e-03   1.4898399e+04
   4.3500000e-03   1.4898399e+04
   4.3600000e-03   1.4898399e+04
   4.3700000e-03   1.4898399e+04
   4.3800000e-03   1.4898399e+04
   4.3900000e-03   1.4898399e+04
   4.4000000e-03   1.4898399e+04
   4.4100000e-03   1.4898399e+04
   4.4200000e-03   1.4898399e+04
   4.4300000e-03   1.4898399e+04
   4.4400000e-03   1.4898399e+04
   4.4500000e-03   1.4898399e+04
   4.4600000e-03   1.4898399e+04
   4.4700000e-03   1.4898399e+04
   4.4800000e-03   1.4898399e+04
   4.4900000e-03   1.4898399e+04
   4.5000000e-03   1.4898399e+04
   4.5100000e-03   1.4898399e+04
   4.5200000e-03   1.4898399e+04
   4.5300000e-03   1.4898399e+04
   4.5400000e-03   1.4898399e+04
   4.5500000e-03   1.4898399e+04
   4.5600000e-03   1.4898399e+04
   4.5700000e-03   1.4898399e+04
   4.5800000e-03   1.4898399e+04
   4.5900000e-03   1.4898399e+04
   4.6000000e-03   1.4898399e+04
   4.6100000e-03   1.4898399e+04
   4.6200000e-03   1.4898399e+04
   4.6300000e-03   1.4898399e+04
   4.6400000e-03   1.4898399e+04
   4.6500000e-03   1.4898399e+04
   4.6600000e-03   1.4898399e+04
   4.6700000e-03   1.4898399e+04
   4.6800000e-03   1.4898399e+04
   4.6900000e-03   1.4898399e+04
   4.7000000e-03   1.4898399e+04
   4.7100000e-03   1.4898399e+04
   4.7200000e-03   1.4898399e+04
   4.7300000e-03   1.4898399e+04
   4.7400000e-03   1.4898399e+04
   4.7500000e-03   1.4898399e+04
   4.7600000e-03   1.4898399e+04
   4.7700000e-03   1.4898399e+04
   4.7800000e-03   1.4898399e+04
   4.7900000e-03   1.4898399e+04
   4.8000000e-03   1.4898399e+04
   4.8100000e-03   1.4898399e+04
   4.8200000e-03   1.4898399e+04
   4.8300000e-03   1.4898399e+04
   4.8400000e-03   1.4898399e+04
   4.8500000e-03   1.4898399e+04
   4.8600000e-03   1.4898399e+04
   4.8700000e-03   1.4898399e+04
   4.8800000e-03   1.4898399e+04
   4.8900000e-03   1.4898399e+04
   4.9000000e-03   1.4898399e+04
   4.9100000e-03   1.4898399e+04
   4.9200000e-03   1.4898399e+04
   4.9300000e-03   1.4898399e+04
   4.9400000e-03   1.4898399e+04
   4.9500000e-03   1.4898399e+04
   4.9600000e-03   1.4898399e+04
   4.9700000e-03   1.4898399e+04
   4.9800000e-03   1.4898399e+04
   4.9900000e-03   1.4898399e+04
   5.0000000e-03   1.4898399e+04
